0.799103 0.323143 0.042311
0.009134 0.009134 0.009134
0.799103 0.323143 0.042311
0.799103 0.323143 0.042311
0.8 0.8 0.8
0.8 0.8 0.8
0.009134 0.009134 0.009134
0.8 0.8 0.8
0.538207 0.380066 0.292017
0.8 0.8 0.8
0.8 0.8 0.8
0.8 0.8 0.8
0.8 0.8 0.8
0.8 0.8 0.8
0.8 0.8 0.8
0.8 0.8 0.8
0.8 0.8 0.8
0.8 0.8 0.8
0.8 0.8 0.8
0.8 0.8 0.8
0.8 0.8 0.8
0.8 0.8 0.8
0.8 0.8 0.8
0.8 0.8 0.8
0.77425 0.544672 0.417117
0.476978 0.416927 0.353973
0.476978 0.416927 0.353973
0.8 0.8 0.8
0.538207 0.380066 0.292017
0.507056 0.44429 0.379388
0.8 0.270542 0.153551
0.507056 0.44429 0.379388
0.538207 0.380066 0.292017
0.296138 0.262251 0.223228
0.017384 0.004366 0.002561
0.476978 0.416927 0.353973
0.8 0.8 0.8
